6 7 5
0 20 15 30 18 10 22
20 0 19 12 4 33 16
15 19 0 25 11 50 8
30 12 25 0 21 7 29
18 4 11 21 0 35 13
10 33 50 7 35 0 24
22 16 8 29 13 24 0
1 1 1 1 0
1 1 0 1 1
1 1 1 0 1
1 0 1 1 1
0 1 1 1 1
1 1 1 1 1